sensor: sn0085D

focal_length: 60.145

principal_point: -0.207 -0.090

image_size: 5436.0 4092.0

pixel_size: 0.009

d0: 1.00    -0.021  

d1: 2.00    -0.171  

d2: 3.00    -0.578  

d3: 4.00    -1.366  

d4: 5.00    -2.659  

d5: 6.00    -4.578  

d6: 7.00    -7.236  

d7: 8.00    -10.746 

d8: 9.00    -15.210 

d9: 10.00   -20.727 

d10:11.00   -27.388 

d11:12.00   -35.276 

d12:13.00   -44.465 

d13:14.00   -55.022 

d14:15.00   -67.005 

d15:16.00   -80.461 

d16:17.00   -95.431 

d17:18.00   -111.944

d18:19.00   -130.021

d19:20.00   -149.675

d20:21.00   -170.909

d21:22.00   -193.721

d22:23.00   -218.098

d23:24.00   -244.025

d24:25.00   -271.478

d25:26.00   -300.433

d26:27.00   -330.859

d27:28.00   -362.728

d28:29.00   -396.728

d29:30.00   -430.678

d30:31.00   -466.713

distortion_units: microns

